((("stdin" .
   [1 0 0 0 0])
  ("gets" .
   [1 0 0 0])
  ("my" .
   [1 0])
  ("memset" .
   [2 0 0 0 0 0])
  ("state" .
   [4 0 0 0 0])
  ("short" .
   [1 0 0 0 0])
  ("flag" .
   [8 0 0 0])
  ("index" .
   [4 0 0 0 1])
  ("continue" .
   [1 0 0 0 0 0 0 0])
  ("define" .
   [0 0 1 0 0 0])
  ("BUF_SIZE" .
   [1 0 2 4 0 0 0 0])
  ("buf" .
   [16 0 0])
  ("if" .
   [3 0])
  ("char" .
   [6 0 0 0])
  ("result" .
   [2 0 0 0 1 1])
  ("sizeof" .
   [2 0 1 0 0 0])
  ("my_t" .
   [5 0 1 1])
  ("t_num" .
   [3 0 2 0 1])
  ("scanf" .
   [2 0 0 0 0])
  ("win_t" .
   [3 0 0 2 0])
  ("in" .
   [1 0])
  ("int" .
   [18 0 0])
  ("include" .
   [2 0 1 1 0 0 1])
  ("for" .
   [6 0 0])
  ("while" .
   [0 0 0 1 0])
  ("inline" .
   [1 0 1 0 0 0])
  ("define-key" .
   [0 0 0 0 0 0 0 0 0 1])
  ("delq" .
   [1 0 0 0])
  ("define-ibuffer-sorter" .
   [0 0 0 0 0 0 0 0 0 0 0 0 0 0 0 0 0 0 0 0 1])
  ("when" .
   [1 0 0 0])
  ("require" .
   [1 0 0 0 0 0 0])
  ("return" .
   [3 0 0 0 0 0])
  ("printf" .
   [4 0 0 0 0 0])
  ("MAX" .
   [7 0 0])))
